00000000
00000001
00000002
00000003
00000004
00000005
00000006
00000010
00000011
00000012
00000013
00000014
00000015
00000016
00000020
00000021
00000022
00000023
00000024
00000025
00000026
00000030
00000031
00000032
00000033
00000034
00000035
00000036
00000040
00000041
00000042
00000043
00000044
00000045
00000046
00000050
00000051
00000052
00000053
00000054
00000055
00000056
00000060
00000061
00000062
00000063
00000064
00000065
00000066
00000100
00000101
00000102
00000103
00000104
00000105
00000106
00000110
00000111
00000112
00000113
00000114
00000115
00000116
00000120
00000121
00000122
00000123
00000124
00000125
00000126
00000130
00000131
00000132
00000133
00000134
00000135
00000136
00000140
00000141
00000142
00000143
00000144
00000145
00000146
00000150
00000151
00000152
00000153
00000154
00000155
00000156
00000160
00000161
00000162
00000163
00000164
00000165
00000166
00000200
00000201
00000202
00000203
00000204
00000205
00000206
00000210
00000211
00000212
00000213
00000214
00000215
00000216
00000220
00000221
00000222
00000223
00000224
00000225
00000226
00000230
00000231
00000232
00000233
00000234
00000235
00000236
00000240
00000241
00000242
00000243
00000244
00000245
00000246
00000250
00000251
00000252
00000253
00000254
00000255
00000256
00000260
00000261
00000262
00000263
00000264
00000265
00000266
00000300
00000301
00000302
00000303
00000304
00000305
00000306
00000310
00000311
00000312
00000313
00000314
00000315
00000316
00000320
00000321
00000322
00000323
00000324
00000325
00000326
00000330
00000331
00000332
00000333
00000334
00000335
00000336
00000340
00000341
00000342
00000343
00000344
00000345
00000346
00000350
00000351
00000352
00000353
00000354
00000355
00000356
00000360
00000361
00000362
00000363
00000364
00000365
00000366
00000400
00000401
00000402
00000403
00000404
00000405
00000406
00000410
00000411
00000412
00000413
00000414
00000415
00000416
00000420
00000421
00000422
00000423
00000424
00000425
00000426
00000430
00000431
00000432
00000433
00000434
00000435
00000436
00000440
00000441
00000442
00000443
00000444
00000445
00000446
00000450
00000451
00000452
00000453
00000454
00000455
00000456
00000460
00000461
00000462
00000463
00000464
00000465
00000466
00000500
00000501
00000502
00000503
00000504
00000505
00000506
00000510
00000511
00000512
00000513
00000514
00000515
00000516
00000520
00000521
00000522
00000523
00000524
00000525
00000526
00000530
00000531
00000532
00000533
00000534
00000535
00000536
00000540
00000541
00000542
00000543
00000544
00000545
00000546
00000550
00000551
00000552
00000553
00000554
00000555
00000556
00000560
00000561
00000562
00000563
00000564
00000565
00000566
00000600
00000601
00000602
00000603
00000604
00000605
00000606
00000610
00000611
00000612
00000613
00000614
00000615
00000616
00000620
00000621
00000622
00000623
00000624
00000625
00000626
00000630
00000631
00000632
00000633
00000634
00000635
00000636
00000640
00000641
00000642
00000643
00000644
00000645
00000646
00000650
00000651
00000652
00000653
00000654
00000655
00000656
00000660
00000661
00000662
00000663
00000664
00000665
00000666
00001000
00001001
00001002
00001003
00001004
00001005
00001006
00001010
00001011
00001012
00001013
00001014
00001015
00001016
00001020
00001021
00001022
00001023
00001024
00001025
00001026
00001030
00001031
00001032
00001033
00001034
00001035
00001036
00001040
00001041
00001042
00001043
00001044
00001045
00001046
00001050
00001051
00001052
00001053
00001054
00001055
00001056
00001060
00001061
00001062
00001063
00001064
00001065
00001066
00001100
00001101
00001102
00001103
00001104
00001105
00001106
00001110
00001111
00001112
00001113
00001114
00001115
00001116
00001120
00001121
00001122
00001123
00001124
00001125
00001126
00001130
00001131
00001132
00001133
00001134
00001135
00001136
00001140
00001141
00001142
00001143
00001144
00001145
00001146
00001150
00001151
00001152
00001153
00001154
00001155
00001156
00001160
00001161
00001162
00001163
00001164
00001165
00001166
00001200
00001201
00001202
00001203
00001204
00001205
00001206
00001210
00001211
00001212
00001213
00001214
00001215
00001216
00001220
00001221
00001222
00001223
00001224
00001225
00001226
00001230
00001231
00001232
00001233
00001234
00001235
00001236
00001240
00001241
00001242
00001243
00001244
00001245
00001246
00001250
00001251
00001252
00001253
00001254
00001255
00001256
00001260
00001261
00001262
00001263
00001264
00001265
00001266
00001300
00001301
00001302
00001303
00001304
00001305
00001306
00001310
00001311
00001312
00001313
00001314
00001315
00001316
00001320
00001321
00001322
00001323
00001324
00001325
00001326
00001330
00001331
00001332
00001333
00001334
00001335
00001336
00001340
00001341
00001342
00001343
00001344
00001345
00001346
00001350
00001351
00001352
00001353
00001354
00001355
00001356
00001360
00001361
00001362
00001363
00001364
00001365
00001366
00001400
00001401
00001402
00001403
00001404
00001405
00001406
00001410
00001411
00001412
00001413
00001414
00001415
00001416
00001420
00001421
00001422
00001423
00001424
00001425
00001426
00001430
00001431
00001432
00001433
00001434
00001435
00001436
00001440
00001441
00001442
00001443
00001444
00001445
00001446
00001450
00001451
00001452
00001453
00001454
00001455
00001456
00001460
00001461
00001462
00001463
00001464
00001465
00001466
00001500
00001501
00001502
00001503
00001504
00001505
00001506
00001510
00001511
00001512
00001513
00001514
00001515
00001516
00001520
00001521
00001522
00001523
00001524
00001525
00001526
00001530
00001531
00001532
00001533
00001534
00001535
00001536
00001540
00001541
00001542
00001543
00001544
00001545
00001546
00001550
00001551
00001552
00001553
00001554
00001555
00001556
00001560
00001561
00001562
00001563
00001564
00001565
00001566
00001600
00001601
00001602
00001603
00001604
00001605
00001606
00001610
00001611
00001612
00001613
00001614
00001615
00001616
00001620
00001621
00001622
00001623
00001624
00001625
00001626
00001630
00001631
00001632
00001633
00001634
00001635
00001636
00001640
00001641
00001642
00001643
00001644
00001645
00001646
00001650
00001651
00001652
00001653
00001654
00001655
00001656
00001660
00001661
00001662
00001663
00001664
00001665
00001666
00002000
00002001
00002002
00002003
00002004
00002005
00002006
00002010
00002011
00002012
00002013
00002014
00002015
00002016
00002020
00002021
00002022
00002023
00002024
00002025
00002026
00002030
00002031
00002032
00002033
00002034
00002035
00002036
00002040
00002041
00002042
00002043
00002044
00002045
00002046
00002050
00002051
00002052
00002053
00002054
00002055
00002056
00002060
00002061
00002062
00002063
00002064
00002065
00002066
00002100
00002101
00002102
00002103
00002104
00002105
00002106
00002110
00002111
00002112
00002113
00002114
00002115
00002116
00002120
00002121
00002122
00002123
00002124
00002125
00002126
00002130
00002131
00002132
00002133
00002134
00002135
00002136
00002140
00002141
00002142
00002143
00002144
00002145
00002146
00002150
00002151
00002152
00002153
00002154
00002155
00002156
00002160
00002161
00002162
00002163
00002164
00002165
00002166
00002200
00002201
00002202
00002203
00002204
00002205
00002206
00002210
00002211
00002212
00002213
00002214
00002215
00002216
00002220
00002221
00002222
00002223
00002224
00002225
00002226
00002230
00002231
00002232
00002233
00002234
00002235
00002236
00002240
00002241
00002242
00002243
00002244
00002245
00002246
00002250
00002251
00002252
00002253
00002254
00002255
00002256
00002260
00002261
00002262
00002263
00002264
00002265
00002266
00002300
00002301
00002302
00002303
00002304
00002305
00002306
00002310
00002311
00002312
00002313
00002314
00002315
00002316
00002320
00002321
00002322
00002323
00002324
00002325
00002326
00002330
00002331
00002332
00002333
00002334
00002335
00002336
00002340
00002341
00002342
00002343
00002344
00002345
00002346
00002350
00002351
00002352
00002353
00002354
00002355
00002356
00002360
00002361
00002362
00002363
00002364
00002365
00002366
00002400
00002401
00002402
00002403
00002404
00002405
00002406
00002410
00002411
00002412
00002413
00002414
00002415
00002416
00002420
00002421
00002422
00002423
00002424
00002425
00002426
00002430
00002431
00002432
00002433
00002434
00002435
00002436
00002440
00002441
00002442
00002443
00002444
00002445
00002446
00002450
00002451
00002452
00002453
00002454
00002455
00002456
00002460
00002461
00002462
00002463
00002464
00002465
00002466
00002500
00002501
00002502
00002503
00002504
00002505
00002506
00002510
00002511
00002512
00002513
00002514
00002515
00002516
00002520
00002521
00002522
00002523
00002524
00002525
00002526
00002530
00002531
00002532
00002533
00002534
00002535
00002536
00002540
00002541
00002542
00002543
00002544
00002545
00002546
00002550
00002551
00002552
00002553
00002554
00002555
00002556
00002560
00002561
00002562
00002563
00002564
00002565
00002566
00002600
00002601
00002602
00002603
00002604
00002605
00002606
00002610
00002611
00002612
00002613
00002614
00002615
00002616
00002620
00002621
00002622
00002623
00002624
00002625
